Neural Network with 20 hidden nodes and momentum 0.9 had a final training accuracy of 0.93178219637
 and a test accuracy of 0.930259692636 after 3 epochs
Test Confusion Matrix: 
[[  2.88000000e+03   0.00000000e+00   3.80000000e+01   1.70000000e+01
    4.00000000e+00   3.50000000e+01   4.20000000e+01   9.00000000e+00
    1.60000000e+01   1.70000000e+01]
 [  0.00000000e+00   3.31200000e+03   1.20000000e+01   1.00000000e+00
    3.00000000e+00   5.00000000e+00   9.00000000e+00   2.60000000e+01
    1.10000000e+01   2.00000000e+01]
 [  4.00000000e+00   9.00000000e+00   2.73600000e+03   4.80000000e+01
    9.00000000e+00   1.00000000e+01   2.00000000e+01   4.70000000e+01
    1.00000000e+01   4.00000000e+00]
 [  5.00000000e+00   1.30000000e+01   7.40000000e+01   2.78400000e+03
    1.00000000e+00   1.05000000e+02   5.00000000e+00   1.80000000e+01
    4.60000000e+01   3.50000000e+01]
 [  2.00000000e+00   2.00000000e+00   4.70000000e+01   4.00000000e+00
    2.78300000e+03   1.90000000e+01   2.30000000e+01   2.70000000e+01
    2.70000000e+01   7.50000000e+01]
 [  1.20000000e+01   2.00000000e+00   8.00000000e+00   4.20000000e+01
    0.00000000e+00   2.33900000e+03   3.70000000e+01   2.00000000e+00
    3.00000000e+01   1.40000000e+01]
 [  1.70000000e+01   1.00000000e+01   3.00000000e+01   5.00000000e+00
    2.70000000e+01   4.20000000e+01   2.70600000e+03   5.00000000e+00
    2.60000000e+01   2.00000000e+00]
 [  5.00000000e+00   9.00000000e+00   3.30000000e+01   2.50000000e+01
    3.00000000e+00   8.00000000e+00   0.00000000e+00   2.84400000e+03
    4.00000000e+00   1.00000000e+01]
 [  1.50000000e+01   4.70000000e+01   9.70000000e+01   8.60000000e+01
    1.50000000e+01   9.00000000e+01   3.20000000e+01   2.50000000e+01
    2.74000000e+03   6.90000000e+01]
 [  0.00000000e+00   1.00000000e+00   2.10000000e+01   1.80000000e+01
    1.01000000e+02   2.30000000e+01   0.00000000e+00   7.80000000e+01
    1.20000000e+01   2.78100000e+03]]
training accuracy history: 
[ 0.92499875  0.92984883  0.9317822 ]
test accuracy history: 
[ 0.92739274  0.92929293  0.93025969]