Neural Network with 20 hidden nodes and momentum 0.9 had a final training accuracy of 0.95152719212
 and a test accuracy of 0.93698969897 after 50 epochs
Test Confusion Matrix: 
[[  4.77520000e+04   0.00000000e+00   2.36000000e+02   2.18000000e+02
    5.20000000e+01   2.80000000e+02   4.88000000e+02   5.60000000e+01
    3.75000000e+02   2.09000000e+02]
 [  1.00000000e+00   5.57210000e+04   6.80000000e+01   1.80000000e+01
    7.80000000e+01   4.60000000e+01   1.56000000e+02   2.35000000e+02
    6.90000000e+01   3.14000000e+02]
 [  1.83000000e+02   1.61000000e+02   4.80350000e+04   8.42000000e+02
    2.23000000e+02   2.27000000e+02   2.63000000e+02   1.13000000e+03
    2.35000000e+02   6.30000000e+01]
 [  7.40000000e+01   8.00000000e+01   6.03000000e+02   4.67140000e+04
    3.60000000e+01   1.49600000e+03   2.90000000e+01   4.26000000e+02
    6.67000000e+02   5.35000000e+02]
 [  9.00000000e+00   2.40000000e+01   3.95000000e+02   2.40000000e+01
    4.55670000e+04   1.61000000e+02   2.61000000e+02   1.38000000e+02
    4.27000000e+02   1.12700000e+03]
 [  1.78000000e+02   1.11000000e+02   1.32000000e+02   1.11800000e+03
    2.30000000e+01   4.01210000e+04   6.82000000e+02   1.23000000e+02
    6.01000000e+02   4.88000000e+02]
 [  3.11000000e+02   1.84000000e+02   2.44000000e+02   5.40000000e+01
    6.12000000e+02   6.05000000e+02   4.51570000e+04   7.00000000e+00
    6.09000000e+02   3.40000000e+01]
 [  1.28000000e+02   4.20000000e+01   4.55000000e+02   4.17000000e+02
    5.10000000e+01   1.65000000e+02   4.00000000e+00   4.78180000e+04
    2.56000000e+02   5.75000000e+02]
 [  3.48000000e+02   4.09000000e+02   1.23400000e+03   8.43000000e+02
    3.86000000e+02   1.17000000e+03   8.55000000e+02   4.05000000e+02
    4.51550000e+04   6.97000000e+02]
 [  1.60000000e+01   1.80000000e+01   1.98000000e+02   2.52000000e+02
    2.07200000e+03   3.29000000e+02   5.00000000e+00   1.01200000e+03
    3.06000000e+02   4.64080000e+04]]