Neural Network with 50 hidden nodes and momentum 0.9 had a final training accuracy of 0.981042350706
 and a test accuracy of 0.960352035204 after 50 epochs
Test Confusion Matrix: 
[[  4.82190000e+04   1.00000000e+01   3.21000000e+02   6.80000000e+01
    6.30000000e+01   1.66000000e+02   4.35000000e+02   3.60000000e+01
    3.30000000e+02   2.49000000e+02]
 [  4.60000000e+01   5.56850000e+04   1.77000000e+02   5.00000000e+00
    8.10000000e+01   2.90000000e+01   1.08000000e+02   2.83000000e+02
    5.90000000e+01   2.24000000e+02]
 [  5.80000000e+01   1.24000000e+02   4.91820000e+04   3.97000000e+02
    1.76000000e+02   5.20000000e+01   1.53000000e+02   4.82000000e+02
    1.06000000e+02   4.70000000e+01]
 [  2.10000000e+01   1.72000000e+02   3.10000000e+02   4.83420000e+04
    9.00000000e+00   7.41000000e+02   1.40000000e+01   2.57000000e+02
    2.60000000e+02   4.46000000e+02]
 [  4.80000000e+01   8.00000000e+00   1.37000000e+02   4.00000000e+00
    4.69260000e+04   4.00000000e+00   1.54000000e+02   8.00000000e+01
    2.17000000e+02   5.78000000e+02]
 [  5.80000000e+01   1.24000000e+02   2.20000000e+01   4.66000000e+02
    2.00000000e+00   4.21450000e+04   3.82000000e+02   1.30000000e+01
    2.64000000e+02   2.31000000e+02]
 [  1.06000000e+02   9.60000000e+01   1.37000000e+02   4.00000000e+00
    3.42000000e+02   4.73000000e+02   4.62200000e+04   7.00000000e+00
    2.71000000e+02   5.00000000e+00]
 [  1.25000000e+02   6.70000000e+01   3.59000000e+02   3.81000000e+02
    1.41000000e+02   1.14000000e+02   8.00000000e+00   4.92410000e+04
    2.01000000e+02   3.17000000e+02]
 [  1.68000000e+02   4.46000000e+02   8.22000000e+02   6.14000000e+02
    2.58000000e+02   6.37000000e+02   4.21000000e+02   3.22000000e+02
    4.67370000e+04   9.22000000e+02]
 [  1.51000000e+02   1.80000000e+01   1.33000000e+02   2.19000000e+02
    1.10200000e+03   2.39000000e+02   5.00000000e+00   6.29000000e+02
    2.55000000e+02   4.74310000e+04]]
training accuracy history: 
[ 0.95218254  0.95736596  0.96049379  0.96294938  0.96472275  0.96603555
  0.96727803  0.9682953   0.96916986  0.9697495   0.97038435  0.97106063
  0.97159312  0.97216025  0.97269621  0.97321101  0.9737525   0.97422642
  0.97456098  0.97495208  0.97535276  0.9756352   0.97598583  0.97629822
  0.97654094  0.97682205  0.97706875  0.97725974  0.97753353  0.97770574
  0.97793297  0.97814599  0.97836934  0.97855405  0.97877917  0.97896122
  0.97911902  0.9793115   0.97948812  0.97964508  0.97981999  0.9799699
  0.98009424  0.98027467  0.9804293   0.98057576  0.98068833  0.98079517
  0.98091635  0.98104235]
test accuracy history: 
[ 0.94679468  0.95089509  0.95359536  0.95509551  0.95627563  0.95696236
  0.9575529   0.9580208   0.95832917  0.95836584  0.95861404  0.95883755
  0.95903436  0.95930307  0.95948928  0.95964596  0.95981363  0.95997378
  0.96014338  0.96020602  0.96025793  0.96031421  0.96038299  0.96042521
  0.96044804  0.96045374  0.96046271  0.96037818  0.96046501  0.96041271
  0.96044766  0.96046167  0.96052939  0.96051076  0.9605332   0.96052939
  0.96048794  0.96046973  0.96045502  0.96045355  0.96048141  0.96040795
  0.96038674  0.96042104  0.96043382  0.96043083  0.96037902  0.9603627
  0.9603491   0.96035204]