Neural Network with 100 hidden nodes and momentum 0.9 had a final training accuracy of 0.991500858348
 and a test accuracy of 0.968508850885 after 50 epochs
Test Confusion Matrix: 
[[  4.83070000e+04   7.00000000e+00   1.73000000e+02   2.60000000e+01
    3.50000000e+01   1.70000000e+02   2.82000000e+02   5.10000000e+01
    3.26000000e+02   1.26000000e+02]
 [  4.40000000e+01   5.60150000e+04   4.10000000e+01   0.00000000e+00
    3.20000000e+01   7.00000000e+00   1.55000000e+02   1.99000000e+02
    2.90000000e+01   1.35000000e+02]
 [  7.40000000e+01   6.20000000e+01   4.98060000e+04   2.82000000e+02
    1.42000000e+02   7.00000000e+01   4.10000000e+01   4.06000000e+02
    1.71000000e+02   4.70000000e+01]
 [  5.70000000e+01   2.23000000e+02   3.09000000e+02   4.87010000e+04
    3.00000000e+00   4.75000000e+02   7.00000000e+00   2.14000000e+02
    1.13000000e+02   6.14000000e+02]
 [  5.10000000e+01   1.90000000e+01   4.20000000e+01   1.20000000e+01
    4.76100000e+04   4.00000000e+01   1.23000000e+02   1.32000000e+02
    2.17000000e+02   5.27000000e+02]
 [  5.30000000e+01   5.90000000e+01   3.00000000e+01   5.17000000e+02
    9.00000000e+00   4.26540000e+04   3.23000000e+02   1.00000000e+01
    1.52000000e+02   1.44000000e+02]
 [  9.40000000e+01   7.30000000e+01   8.70000000e+01   1.00000000e+00
    2.17000000e+02   3.44000000e+02   4.65110000e+04   1.10000000e+01
    1.53000000e+02   1.00000000e+01]
 [  6.30000000e+01   3.50000000e+01   3.68000000e+02   2.60000000e+02
    8.60000000e+01   9.50000000e+01   0.00000000e+00   4.94570000e+04
    1.63000000e+02   2.04000000e+02]
 [  1.53000000e+02   2.54000000e+02   6.36000000e+02   5.35000000e+02
    1.10000000e+02   5.18000000e+02   4.56000000e+02   2.40000000e+02
    4.71950000e+04   6.93000000e+02]
 [  1.04000000e+02   3.00000000e+00   1.08000000e+02   1.66000000e+02
    8.56000000e+02   2.27000000e+02   2.00000000e+00   6.30000000e+02
    1.81000000e+02   4.79500000e+04]]
training accuracy history: 
[ 0.96354939  0.96768279  0.9695606   0.97209953  0.97422624  0.97575793
  0.97711152  0.9780663   0.97894039  0.97992633  0.9806618   0.98143719
  0.98211124  0.98274733  0.98331083  0.98380598  0.98431444  0.98472382
  0.98517519  0.98555393  0.98593389  0.98629068  0.98662152  0.98691506
  0.98722779  0.98751454  0.98778128  0.98803551  0.98826015  0.98848536
  0.98871218  0.98891544  0.98912507  0.98931894  0.98950602  0.98968548
  0.98985524  0.9900222   0.9901742   0.99031567  0.99046204  0.99059468
  0.99071535  0.99083962  0.990958    0.99107449  0.99118248  0.99129013
  0.99139441  0.99150086]
test accuracy history: 
[ 0.95879588  0.9610461   0.96132947  0.96292129  0.96429643  0.96524652
  0.96592516  0.96617162  0.96658555  0.96709671  0.96748766  0.96781345
  0.96797372  0.96816825  0.96845018  0.96847185  0.96866157  0.96879688
  0.96899164  0.96907191  0.96910167  0.96909691  0.96915779  0.96920942
  0.96930493  0.96926616  0.96925618  0.96928979  0.96921761  0.96919359
  0.96920982  0.96919067  0.96913934  0.96914397  0.96908548  0.96900246
  0.96899149  0.96896532  0.9688892   0.96885939  0.96882859  0.96880402
  0.96875036  0.96872187  0.96870131  0.96866861  0.96865218  0.96862395
  0.96856829  0.96850885]