Neural Network with 100 hidden nodes and momentum 0 had a final training accuracy of 0.957377067396
 and a test accuracy of 0.955262192886 after 3 epochs
Test Confusion Matrix: 
[[  2.88700000e+03   0.00000000e+00   2.20000000e+01   1.00000000e+00
    3.00000000e+00   2.40000000e+01   2.40000000e+01   2.00000000e+00
    1.40000000e+01   2.20000000e+01]
 [  0.00000000e+00   3.35300000e+03   1.00000000e+00   1.00000000e+00
    6.00000000e+00   3.00000000e+00   9.00000000e+00   3.80000000e+01
    6.00000000e+00   1.90000000e+01]
 [  0.00000000e+00   9.00000000e+00   2.94300000e+03   3.40000000e+01
    9.00000000e+00   2.00000000e+00   3.00000000e+00   5.30000000e+01
    8.00000000e+00   0.00000000e+00]
 [  4.00000000e+00   9.00000000e+00   2.00000000e+01   2.86900000e+03
    3.00000000e+00   5.40000000e+01   3.00000000e+00   1.50000000e+01
    2.30000000e+01   3.70000000e+01]
 [  0.00000000e+00   1.00000000e+00   1.70000000e+01   0.00000000e+00
    2.78800000e+03   5.00000000e+00   1.30000000e+01   1.00000000e+01
    1.50000000e+01   5.10000000e+01]
 [  8.00000000e+00   3.00000000e+00   4.00000000e+00   4.40000000e+01
    0.00000000e+00   2.48600000e+03   1.30000000e+01   2.00000000e+00
    1.30000000e+01   1.20000000e+01]
 [  2.30000000e+01   1.30000000e+01   2.20000000e+01   6.00000000e+00
    4.10000000e+01   4.50000000e+01   2.79600000e+03   2.00000000e+00
    2.60000000e+01   5.00000000e+00]
 [  6.00000000e+00   1.00000000e+00   2.50000000e+01   2.40000000e+01
    5.00000000e+00   9.00000000e+00   0.00000000e+00   2.90400000e+03
    1.20000000e+01   2.10000000e+01]
 [  1.20000000e+01   1.50000000e+01   3.60000000e+01   4.00000000e+01
    1.50000000e+01   3.50000000e+01   1.30000000e+01   6.00000000e+00
    2.80100000e+03   3.20000000e+01]
 [  0.00000000e+00   1.00000000e+00   6.00000000e+00   1.10000000e+01
    7.60000000e+01   1.30000000e+01   0.00000000e+00   4.90000000e+01
    4.00000000e+00   2.82800000e+03]]
training accuracy history: 
[ 0.94174903  0.95164086  0.95737707]
test accuracy history: 
[ 0.94409441  0.95089509  0.95526219]