Neural Network with 100 hidden nodes and momentum 0.9 had a final training accuracy of 0.971099518325
 and a test accuracy of 0.964296429643 after 4 epochs
Test Confusion Matrix: 
[[  3.87600000e+03   0.00000000e+00   2.30000000e+01   1.00000000e+00
    4.00000000e+00   2.20000000e+01   3.10000000e+01   1.10000000e+01
    2.20000000e+01   1.80000000e+01]
 [  0.00000000e+00   4.47400000e+03   8.00000000e+00   1.00000000e+00
    4.00000000e+00   0.00000000e+00   1.30000000e+01   2.50000000e+01
    1.00000000e+00   2.10000000e+01]
 [  7.00000000e+00   1.30000000e+01   3.99300000e+03   5.70000000e+01
    1.60000000e+01   5.00000000e+00   2.00000000e+00   4.30000000e+01
    1.60000000e+01   2.00000000e+00]
 [  1.00000000e+00   5.00000000e+00   1.30000000e+01   3.84600000e+03
    0.00000000e+00   7.80000000e+01   1.00000000e+00   1.40000000e+01
    1.60000000e+01   3.20000000e+01]
 [  0.00000000e+00   0.00000000e+00   6.00000000e+00   0.00000000e+00
    3.76400000e+03   2.00000000e+00   8.00000000e+00   9.00000000e+00
    2.20000000e+01   3.20000000e+01]
 [  7.00000000e+00   8.00000000e+00   1.00000000e+00   5.20000000e+01
    0.00000000e+00   3.36200000e+03   1.80000000e+01   2.00000000e+00
    2.20000000e+01   1.60000000e+01]
 [  1.50000000e+01   1.20000000e+01   1.10000000e+01   2.00000000e+00
    2.80000000e+01   3.80000000e+01   3.73600000e+03   0.00000000e+00
    1.50000000e+01   2.00000000e+00]
 [  6.00000000e+00   5.00000000e+00   2.90000000e+01   2.50000000e+01
    5.00000000e+00   9.00000000e+00   0.00000000e+00   3.92300000e+03
    2.10000000e+01   2.10000000e+01]
 [  7.00000000e+00   2.20000000e+01   3.70000000e+01   4.30000000e+01
    9.00000000e+00   3.40000000e+01   2.30000000e+01   1.20000000e+01
    3.74400000e+03   4.20000000e+01]
 [  1.00000000e+00   1.00000000e+00   7.00000000e+00   1.30000000e+01
    9.80000000e+01   1.80000000e+01   0.00000000e+00   6.90000000e+01
    1.70000000e+01   3.85000000e+03]]