Neural Network with 100 hidden nodes and momentum 0.25 had a final training accuracy of 0.962771601749
 and a test accuracy of 0.958095809581 after 3 epochs
Test Confusion Matrix: 
[[  2.90900000e+03   0.00000000e+00   2.60000000e+01   4.00000000e+00
    3.00000000e+00   3.00000000e+01   3.00000000e+01   1.10000000e+01
    1.70000000e+01   2.70000000e+01]
 [  0.00000000e+00   3.33800000e+03   0.00000000e+00   1.00000000e+00
    2.00000000e+00   2.00000000e+00   9.00000000e+00   2.10000000e+01
    3.00000000e+00   1.70000000e+01]
 [  4.00000000e+00   1.00000000e+01   2.99200000e+03   4.50000000e+01
    1.20000000e+01   7.00000000e+00   3.00000000e+00   5.80000000e+01
    9.00000000e+00   7.00000000e+00]
 [  2.00000000e+00   8.00000000e+00   5.00000000e+00   2.86600000e+03
    1.00000000e+00   4.10000000e+01   2.00000000e+00   6.00000000e+00
    1.60000000e+01   2.60000000e+01]
 [  1.00000000e+00   2.00000000e+00   1.20000000e+01   0.00000000e+00
    2.81400000e+03   1.20000000e+01   1.40000000e+01   1.10000000e+01
    1.80000000e+01   5.60000000e+01]
 [  4.00000000e+00   0.00000000e+00   0.00000000e+00   1.90000000e+01
    0.00000000e+00   2.47900000e+03   2.30000000e+01   1.00000000e+00
    7.00000000e+00   7.00000000e+00]
 [  1.00000000e+01   1.20000000e+01   9.00000000e+00   2.00000000e+00
    3.00000000e+01   3.60000000e+01   2.78100000e+03   0.00000000e+00
    2.10000000e+01   5.00000000e+00]
 [  3.00000000e+00   4.00000000e+00   2.10000000e+01   3.20000000e+01
    6.00000000e+00   1.20000000e+01   0.00000000e+00   2.93000000e+03
    1.50000000e+01   2.70000000e+01]
 [  7.00000000e+00   3.10000000e+01   2.70000000e+01   5.70000000e+01
    1.20000000e+01   4.20000000e+01   1.20000000e+01   5.00000000e+00
    2.80500000e+03   2.90000000e+01]
 [  0.00000000e+00   0.00000000e+00   4.00000000e+00   4.00000000e+00
    6.60000000e+01   1.50000000e+01   0.00000000e+00   3.80000000e+01
    1.10000000e+01   2.82600000e+03]]
training accuracy history: 
[ 0.94694912  0.95726595  0.9627716 ]
test accuracy history: 
[ 0.94439444  0.9530453   0.95809581]