Neural Network with 100 hidden nodes and momentum 0.5 had a final training accuracy of 0.991296854948
 and a test accuracy of 0.974721472147 after 50 epochs
Test Confusion Matrix: 
[[  4.85170000e+04   0.00000000e+00   2.08000000e+02   1.00000000e+00
    2.10000000e+01   1.91000000e+02   2.63000000e+02   1.80000000e+01
    2.28000000e+02   1.24000000e+02]
 [  3.30000000e+01   5.59200000e+04   9.00000000e+01   0.00000000e+00
    1.40000000e+01   6.00000000e+00   1.48000000e+02   1.38000000e+02
    4.80000000e+01   2.18000000e+02]
 [  6.40000000e+01   1.36000000e+02   5.01460000e+04   2.57000000e+02
    1.26000000e+02   2.80000000e+01   7.90000000e+01   6.20000000e+02
    7.10000000e+01   5.00000000e+00]
 [  5.80000000e+01   1.92000000e+02   1.75000000e+02   4.91950000e+04
    1.00000000e+00   3.95000000e+02   1.10000000e+01   1.46000000e+02
    7.20000000e+01   2.56000000e+02]
 [  2.00000000e+00   6.00000000e+00   9.30000000e+01   1.00000000e+00
    4.80390000e+04   2.60000000e+01   6.90000000e+01   6.90000000e+01
    2.20000000e+02   3.89000000e+02]
 [  3.60000000e+01   8.70000000e+01   2.40000000e+01   4.29000000e+02
    0.00000000e+00   4.31350000e+04   1.49000000e+02   0.00000000e+00
    2.25000000e+02   2.62000000e+02]
 [  5.70000000e+01   6.40000000e+01   1.19000000e+02   1.00000000e+00
    2.03000000e+02   2.85000000e+02   4.68800000e+04   4.00000000e+00
    8.00000000e+01   5.00000000e+01]
 [  6.80000000e+01   5.60000000e+01   3.82000000e+02   1.81000000e+02
    5.40000000e+01   9.40000000e+01   0.00000000e+00   4.96590000e+04
    1.69000000e+02   3.00000000e+02]
 [  1.54000000e+02   2.87000000e+02   3.36000000e+02   2.96000000e+02
    1.46000000e+02   2.25000000e+02   2.92000000e+02   2.14000000e+02
    4.74160000e+04   4.41000000e+02]
 [  1.10000000e+01   2.00000000e+00   2.70000000e+01   1.39000000e+02
    4.96000000e+02   2.15000000e+02   9.00000000e+00   4.82000000e+02
    1.71000000e+02   4.84050000e+04]]
training accuracy history: 
[ 0.95649927  0.96334106  0.96754946  0.97049117  0.97282621  0.97461902
  0.97589722  0.97724962  0.97849964  0.97942966  0.98032088  0.98108302
  0.98178559  0.98244376  0.98304861  0.98357368  0.98407817  0.98452474
  0.98494185  0.98530726  0.98568309  0.98603083  0.98636789  0.98666922
  0.98694045  0.98722671  0.98748004  0.98773432  0.98796647  0.98817314
  0.98838206  0.98858158  0.98878567  0.98897629  0.98916601  0.98935029
  0.98951784  0.98968623  0.98984428  0.989999    0.99014902  0.99028397
  0.99042426  0.99055893  0.99069022  0.99082122  0.99094737  0.99106999
  0.99118727  0.99129685]
test accuracy history: 
[ 0.95389539  0.95889589  0.9623629   0.96469647  0.96637664  0.96748008
  0.9683254   0.9690344   0.96973031  0.97039704  0.97082436  0.97114711
  0.97146638  0.97184004  0.97221055  0.97241599  0.97267962  0.97286395
  0.97308678  0.97330233  0.97344973  0.97357918  0.97373216  0.97382655
  0.97392939  0.97398971  0.97407148  0.9741367   0.97425949  0.9743241
  0.97434582  0.97435056  0.97438532  0.97441215  0.97446316  0.97451967
  0.9745407   0.97455798  0.97457951  0.97460996  0.97461941  0.9746046
  0.97464398  0.97465883  0.97468191  0.97469964  0.97472726  0.97472664
  0.97472604  0.97472147]