Neural Network with 100 hidden nodes and momentum 0.9 had a final training accuracy of 0.963198773292
 and a test accuracy of 0.952961962863 after 3 epochs
Test Confusion Matrix: 
[[  2.88700000e+03   0.00000000e+00   1.10000000e+01   3.00000000e+00
    4.00000000e+00   1.60000000e+01   2.80000000e+01   5.00000000e+00
    1.90000000e+01   2.20000000e+01]
 [  0.00000000e+00   3.33200000e+03   0.00000000e+00   0.00000000e+00
    5.00000000e+00   1.00000000e+00   9.00000000e+00   2.40000000e+01
    0.00000000e+00   1.40000000e+01]
 [  6.00000000e+00   1.20000000e+01   2.99000000e+03   4.60000000e+01
    1.60000000e+01   2.00000000e+00   8.00000000e+00   7.80000000e+01
    2.20000000e+01   0.00000000e+00]
 [  0.00000000e+00   1.20000000e+01   3.00000000e+00   2.87600000e+03
    4.00000000e+00   7.90000000e+01   1.00000000e+00   1.00000000e+01
    2.00000000e+01   2.90000000e+01]
 [  3.00000000e+00   0.00000000e+00   7.00000000e+00   0.00000000e+00
    2.76000000e+03   1.00000000e+00   1.20000000e+01   1.00000000e+01
    9.00000000e+00   2.30000000e+01]
 [  6.00000000e+00   4.00000000e+00   3.00000000e+00   1.90000000e+01
    0.00000000e+00   2.46800000e+03   1.90000000e+01   0.00000000e+00
    7.00000000e+00   7.00000000e+00]
 [  1.00000000e+01   8.00000000e+00   4.00000000e+00   0.00000000e+00
    1.30000000e+01   3.20000000e+01   2.76300000e+03   0.00000000e+00
    1.00000000e+01   4.00000000e+00]
 [  4.00000000e+00   3.00000000e+00   2.90000000e+01   1.80000000e+01
    1.00000000e+00   7.00000000e+00   0.00000000e+00   2.84700000e+03
    8.00000000e+00   1.60000000e+01]
 [  1.90000000e+01   3.40000000e+01   4.00000000e+01   5.50000000e+01
    3.00000000e+01   5.00000000e+01   2.80000000e+01   1.80000000e+01
    2.81600000e+03   6.50000000e+01]
 [  5.00000000e+00   0.00000000e+00   9.00000000e+00   1.30000000e+01
    1.13000000e+02   2.00000000e+01   6.00000000e+00   8.90000000e+01
    1.10000000e+01   2.84700000e+03]]
training accuracy history: 
[ 0.95379846  0.95919864  0.96319877]
test accuracy history: 
[ 0.94749475  0.95209521  0.95296196]