Neural Network with 100 hidden nodes and momentum 0.9 had a final training accuracy of 0.96101962353
 and a test accuracy of 0.943361002767 after 3 epochs
Test Confusion Matrix: 
[[  2.88300000e+03   0.00000000e+00   2.30000000e+01   4.00000000e+00
    3.00000000e+00   2.40000000e+01   2.20000000e+01   6.00000000e+00
    1.50000000e+01   1.90000000e+01]
 [  0.00000000e+00   3.34400000e+03   1.00000000e+00   6.00000000e+00
    3.00000000e+00   3.00000000e+00   1.00000000e+01   3.10000000e+01
    2.00000000e+00   1.90000000e+01]
 [  0.00000000e+00   1.00000000e+01   2.86300000e+03   3.30000000e+01
    7.00000000e+00   3.00000000e+00   4.00000000e+00   6.50000000e+01
    6.00000000e+00   1.00000000e+00]
 [  5.00000000e+00   8.00000000e+00   4.80000000e+01   2.85900000e+03
    0.00000000e+00   7.40000000e+01   3.00000000e+00   1.00000000e+01
    3.10000000e+01   3.90000000e+01]
 [  1.00000000e+00   1.00000000e+00   3.20000000e+01   1.00000000e+00
    2.83800000e+03   2.10000000e+01   6.40000000e+01   2.10000000e+01
    2.40000000e+01   1.22000000e+02]
 [  1.00000000e+01   2.00000000e+00   6.00000000e+00   2.20000000e+01
    0.00000000e+00   2.43700000e+03   4.20000000e+01   3.00000000e+00
    5.00000000e+00   1.60000000e+01]
 [  1.50000000e+01   8.00000000e+00   1.50000000e+01   2.00000000e+00
    2.50000000e+01   2.30000000e+01   2.68800000e+03   1.00000000e+00
    1.20000000e+01   4.00000000e+00]
 [  5.00000000e+00   2.00000000e+00   2.80000000e+01   2.30000000e+01
    2.00000000e+00   1.30000000e+01   0.00000000e+00   2.88300000e+03
    1.30000000e+01   3.00000000e+01]
 [  2.10000000e+01   3.00000000e+01   7.00000000e+01   6.60000000e+01
    1.10000000e+01   6.30000000e+01   4.10000000e+01   9.00000000e+00
    2.77700000e+03   5.10000000e+01]
 [  0.00000000e+00   0.00000000e+00   1.00000000e+01   1.40000000e+01
    5.70000000e+01   1.50000000e+01   0.00000000e+00   5.20000000e+01
    3.70000000e+01   2.72600000e+03]]
training accuracy history: 
[ 0.94492966  0.95503034  0.96101962]
test accuracy history: 
[ 0.93039304  0.93814381  0.943361  ]